Adobe After Effects 8.0 Keyframe Data

	Units Per Second	24
	Source Width	640
	Source Height	480
	Source Pixel Aspect Ratio	1
	Comp Pixel Aspect Ratio	1

Time Remap
	Frame	seconds	
	0	0.020833333333333332	
	1	0.10416666666666666	
	2	0.1875	
	3	0.2708333333333333	
	4	0.35416666666666663	
	5	0.4375	
	6	0.5208333333333333	
	7	0.6041666666666666	
	8	0.6875	
	9	0.7708333333333333	
	10	0.8541666666666666	
	11	0.9375	
	12	1.0208333333333333	
	13	1.1041666666666665	
	14	1.1875	
	15	1.2708333333333333	
	16	0.0625	
	17	0.14583333333333331	
	18	0.22916666666666666	
	19	0.3125	
	20	0.3958333333333333	
	21	0.47916666666666663	
	22	0.5625	
	23	0.6458333333333333	
	24	0.7291666666666666	
	25	0.8125	
	26	0.8958333333333333	
	27	0.9791666666666666	
	28	1.0625	
	29	1.1458333333333333	
	30	1.2291666666666665	
	31	0.020833333333333332	
	32	0.10416666666666666	
	33	0.1875	
	34	0.2708333333333333	
	35	0.35416666666666663	
	36	0.4375	
	37	0.5208333333333333	
	38	0.6041666666666666	
	39	0.6875	
	40	0.7708333333333333	
	41	0.8541666666666666	
	42	0.9375	
	43	1.0208333333333333	
	44	1.1041666666666665	
	45	1.1875	
	46	1.2708333333333333	
	47	0.0625	
	48	0.14583333333333331	
	49	0.22916666666666666	
	50	0.3125	
	51	0.3958333333333333	
	52	0.47916666666666663	
	53	0.5625	
	54	0.6458333333333333	
	55	0.7291666666666666	
	56	0.8125	
	57	0.8958333333333333	
	58	0.9791666666666666	
	59	1.0625	
	60	1.1458333333333333	
	61	1.2291666666666665	
	62	0.020833333333333332	
	63	0.10416666666666666	
	64	0.1875	
	65	0.2708333333333333	
	66	0.35416666666666663	
	67	0.4375	
	68	0.5208333333333333	
	69	0.6041666666666666	
	70	0.6875	
	71	0.7708333333333333	
	72	0.8541666666666666	
	73	0.9375	
	74	1.0208333333333333	
	75	1.1041666666666665	
	76	1.1875	
	77	1.2708333333333333	
	78	0.0625	
	79	0.14583333333333331	
	80	0.22916666666666666	
	81	0.3125	
	82	0.3958333333333333	
	83	0.47916666666666663	
	84	0.5625	
	85	0.6458333333333333	
	86	0.7291666666666666	
	87	0.8125	
	88	0.8958333333333333	
	89	0.9791666666666666	
	90	1.0625	
	91	1.1458333333333333	
	92	1.2291666666666665	
	93	0.020833333333333332	
	94	0.10416666666666666	
	95	0.1875	
	96	0.2708333333333333	
	97	0.35416666666666663	
	98	0.4375	
	99	0.5208333333333333	
	100	0.6041666666666666	
	101	0.6875	
	102	0.7708333333333333	
	103	0.8541666666666666	
	104	0.9375	
	105	1.0208333333333333	
	106	1.1041666666666665	
	107	1.1875	
	108	1.2708333333333333	
	109	0.0625	
	110	0.14583333333333331	
	111	0.22916666666666666	
	112	0.3125	
	113	0.3958333333333333	
	114	0.47916666666666663	
	115	0.5625	
	116	0.6458333333333333	
	117	0.7291666666666666	
	118	0.8125	
	119	0.8958333333333333	
	120	0.9791666666666666	
	121	1.0625	
	122	1.1458333333333333	
	123	1.2291666666666665	
Expression Data
if(numKeys){if(nearestKey(time).time<=time){ix=nearestKey(time).index;}else{ix=(nearestKey(time).index==1)?1:nearestKey(time).index-1;};key(ix).value;}else{valueAtTime(time)};
End of Expression Data


End of Keyframe Data